$ANSIBLE_VAULT;1.1;AES256
30376166323035646662346332333166373334373639623338626231643231336461616536613066
3535636534313632653831393861306435393664633835360a663434316239376631656264326131
31316663353662616338666536373764643531626161636665363035313138346364616536326538
3539636533393061340a346462363131396665376462646434336437623638303730623763663934
39366534383462653332623765336265326633653732356636336533333133613035333235366363
31353062373639363538376633613236323739386639653561626431306632363437663633383366
64386132636163393466343437366135333636386337393536333939376233376266313834643864
37613464336533343333623732373065346634396237643862613666666332613065363139353966
37373938363239623730666265626238306130656461363836326365373637376265613263393365
34316132346333656337656663643438663130383933636630663137613364336164336162363830
37623439646463396336333438613861386139623332393230326134663833643165306663356138
65663464336537323935656362663762393235313764396261383038313932306539343133643232
39316138373739613962376135656632663762396464356236663931383463313366393237356537
35386533656164363838313534626235303237393535393863363363383562386232336363383136
39396663326463663364356662316663336437623237353130383863613532633239396536636161
65633131643538623532353166346232333262646236396537383531393837333735383137396631
62336637613964333032346537306631363761303631653365323930383162663266383964383839
31303232663839333036353837313761373964656261343165626564353530383837363365656563
31393136613435613737626264383038643931613463333130356431383565626365326464616261
38393137623431346564303166643630633934643862363666316135653839353231316465333061
36333263366564363538633862643332346538383931353331313137373533393936636564373966
34393736393534623231353561313864336536373562353533356337373565316663303038623461
39393839633835643264626430376661313938663966313637326665613436346138336631313666
34353837353265393036653265623535343736396465346136323933613964383134313838376361
30353461633034376132626439663235643138663932313934666563613736666530613466626634
35333266343237346630366330616561316332356236643332646464316166393432333032663237
31623130643634623163383032353636656531393266303065646561303363653430323162383962
35623937663037386265636331663638633062396135336165343432303037653362343032653664
39313866396264616531306234653063363761623134383663303463323666636265336338373432
38356464616562333862633565656436623132373938666265376265613534333232386133373130
38323838366537663030616535363735306161626466656134663562363539663332663861333966
38663864646663386366376562363861326539363930663965396238636235333338343636653339
38613762646635303830316230303961333130663830343637383662343234366236643462366133
33326264666536363064313938656335616430363830303661323234333731323330343666636230
39396635376461656330313132366161383064663339333531653030396431333730656136636334
65656136663865393439366335393437366433653538356237346239356630343637653261623730
61623938366562396565363938336635363739336433353065396435646239346633306563323438
65353462343161373034323562363439383832353761666165656362666163353061363432323865
65646366633337306564646431666665366331393464303230363239323137313536656166386637
38663366643133666264633934623037666261336165386530643966373666653162383830306635
37633634633536313232386463643162386239383731376536373537636338646432666461323730
64346663346166303065393430653063623163636539316131323234353231313561376466626139
32306338656438663731373361383436396536633065356665303530633438616330376533626564
65343836336164343733333136626137366632303366643166353536393162346636306432356138
32323836623733616161373838323534653235306333626334623032626130623964326332623266
33623832663134353164376335353532353230646533323566616362393234386630353736623335
66323461386535393665623665373539326331366230356430343239653439396337383765626434
34343761343338383361333833306466376137386235646264336238386538393430366135653261
61616637363037363464663332643134653738373161623766336330356466623739333361303334
65663532383164666562343066333566356461633632316262363238336137356138346331646666
63633765656239363062613336336434383835623163623835356235353632646631313261333734
32633461653262656666643064636266663364323662616232343130396137356232373233633135
62656537303364376361626530636339616236663837623930363535333632333934653865626331
64646136343838633031303937666566336162306131636437343737386230653031643364376164
63333538333930353134636433326134653536333237363536396534616230666533303932313237
39303238653233336462623835616439326239336365333336653336636435643064343738303331
63306132363861386232326634633964613331643861343765653333336433373863626265623138
65316466643734366231303364666432626132626531633861346531613137323633326365316462
32656637313932343964663636613364313932323232663161633138373965323064653464316636
61643830653461653839633762643633653766643964643132376162653265383430366632356562
62613036636632323936333537386339393133383537613932303566383739333437333433643032
30393161616539626230333066653133363162613735386266363133613637326439356433633063
31313761653835623362653737306663666666623164383766383437326234323735613363333465
62393764656261626536353833306461643939623765353266373036326537643139376338636532
37623630306532353034383432626465353132356436363262643137373537626335356666623266
30356366626264656331343430383635663833346134363434353833383137313463626138386465
34626430356131333838386631336337366361393463663436616466323138643530373735383935
39316336386232386634386637373132613465646337303637626233653236326565363766363966
66653434366134366566306335323830353965396337366134623261643264363830383734346531
30313164346234633764646130636133323137313663663434636561616664343137326330343162
61346134623137313266346237346234326462663961343130353532333336653332613963343265
35316238636666323433663064626266303539306164333362323036636266316332313733623666
38323363653734383361356166316232626239666432343838346564633838636136363736343161
32373066323665616361316331636434323435306435613235373938376666376637363338306532
64376332646162646331333865393431623239643835376166306463323431626237623636663263
33356535356561633563343933336662383634316431326530613231356566316339373932633765
61646535613565666561633735313863303035633338656536636463626434343432376230306630
30633439333661383134313764313733323362353936643035636361396534313261646438393266
31323030663134346563323139353833373662343731396639376233616466616136656335616434
31393336373264303364316565343463366332326631363333343234653766316164346361623434
31643863653031316638333864643261333536663537656361373063303538666664613661343338
63646330613065663136366439663836303965613164333863366632613164653162656134316434
61393639333564656236656565653965373133333965613364393738396633336437333461366266
61623063616135333734643837363334623833323738386434336637386163653730366438383936
32346465366664346439633134383237643766356665326366663334643833306333343631613931
38666237326165636466656230623132376233373863373530393833383966663836613962323339
39366536333862666331326161356339613962353365303164636537626563656535643136343865
64383034303063306639
